
#################################################################
# Summary Statistics
#################################################################

DIC = 27.47159

                     Mean    SD  2.5%    5%   25%   50%    75%    95%  97.5%
Epsilon.1           7.305 5.093 0.859 1.181 3.118 5.963 10.695 17.449 18.645
Epsilon.2           2.140 2.510 0.238 0.306 0.691 1.294  2.533  7.019  9.558
p.global.Araneae    0.032 0.028 0.001 0.002 0.010 0.024  0.045  0.087  0.102
p.global.Coleoptera 0.462 0.185 0.079 0.133 0.336 0.473  0.596  0.751  0.800
p.global.Diptera    0.043 0.037 0.001 0.003 0.014 0.033  0.062  0.116  0.136
p.global.Formicidae 0.082 0.063 0.003 0.006 0.032 0.069  0.120  0.201  0.229
p.global.Ref.Plant  0.381 0.140 0.115 0.159 0.282 0.375  0.478  0.626  0.665
